1       2.000000000000000000000000000000
2       2.500000000000000000000000000000
3       2.666666666666666518636930049979
4       2.708333333333333037273860099958
5       2.716666666666666341001246109954
6       2.718055555555555447000415369985
7       2.718253968253968366752815200016
8       2.718278769841270037233016410028
9       2.718281525573192247691167722223
10      2.718281801146384513145903838449
11      2.718281826198492900914516212652
12      2.718281828286168710917536373017
13      2.718281828446759362805096316151
14      2.718281828458230187095523433527
15      2.718281828458994908714885241352
